-2500 -2000 2500 2000
797.9724279772364 4729.45289121261 1.251677202308166 -414.7264931212595 0.72 0.58 0.48 565.2465 false
3554.912059352473 -1941.870239343677 -362.8949839352123 126.3705039344216 0.72 0.58 0.48 631.02582 false
-959.0210850822479 580.1449526003165 89.04630450823872 -60.59587526002868 0.72 0.58 0.48 631.02582 false
-1690.91126469495 -172.6566925421457 -1708.688896025082 2967.562811077448 0.72 0.58 0.48 353.09186 true
-1236.383276368257 2691.232051434914 172.7377676368397 -255.3119711435144 0.72 0.58 0.48 330.24246 false
-2638.624024622253 -1058.321965108045 150.1299504622667 42.44905651075652 1 1 1 599.1008 false
1906.193741340638 -3068.857784107501 -192.4131521340257 241.4824984108462 1 1 1 233.57502 false
-1627.183955822168 819.7110717768115 262.2389555821983 -145.5217671776708 1 1 1 599.1008 false
546.412111165281 4995.349993721715 -2.078751116507772 -397.7067753722335 1 1 1 599.1008 false
265.3754380464438 3024.446466914835 83.401736195347 -177.0502986914749 1 1 1 599.1008 false
3225.447228683789 4640.545703047012 -236.7163628684743 -399.3085523047146 1 1 1 390.60502 false
1248.782417584796 2100.810871018808 -63.23802175849669 -187.8546931019228 1 1 1 36.03891400000001 false
3887.803430797149 -422.3318084914294 -378.4887430796348 77.5762288491497 0.72 0.58 0.48 353.09186 false
543.580606754545 1585.382944355694 1035.62096748336 -100.8405726009735 0.72 0.58 0.48 58.62184 true
-2016.428539862384 -2801.530489582972 194.449249986193 78.45032895825304 0.45 0.55 0.88 1440.14374 false