-2500 -2000 2500 2000
-12.20671127663754 1459.786094125372 -1140.703759826935 659.9279041276677 0.98 0.83 0.2 50 true
1132.08337220598 464.1474758104174 -201.9424982387459 -669.6984259924128 0.98 0.83 0.2 50 true
1972.249311304521 -452.7768679243452 -139.190347226967 81.26779400156053 0.98 0.83 0.2 50 true
-1.14780201394784 -1348.849086567014 411.748467193948 -591.1381605588319 0.98 0.83 0.2 50 true
286.8326253459105 1210.945428348404 -74.22349717366211 29.53869886132225 0.98 0.83 0.2 50 true
2060.656127338385 278.9727698212461 844.966056121063 188.0287838218006 0.98 0.83 0.2 50 true
-533.8619275901422 -423.6984200030179 642.5768556723114 396.0902950503594 0.98 0.83 0.2 50 true
1398.143949994645 200.6265743655491 1108.208874569392 -236.79929536323 0.98 0.83 0.2 50 true
255.4120514146099 1592.393047721928 148.2718165166001 34.63177436310451 0.98 0.83 0.2 50 true
-2336.130242978638 -1344.994542738519 -1286.833730969617 -685.5932317990902 0.98 0.83 0.2 50 true
636.8970075157148 -1386.308688934 283.2209288786958 208.5914465633827 0.98 0.83 0.2 50 true
-864.8117967849821 -1894.104129436242 -623.7822797577409 787.4782473435914 0.98 0.83 0.2 50 true
-547.508620310306 98.05704491596265 -413.7310858481221 163.566236968311 0.98 0.83 0.2 50 true
-540.2141827978002 -1112.103379162747 694.098537125573 258.0194747201601 0.98 0.83 0.2 50 true
1888.13644370175 1216.008014058891 -79.65619631054977 -195.1954765144179 0.98 0.83 0.2 50 true
278.9983429768551 1890.07650855724 -28.63338582737266 335.9266860322963 0.98 0.83 0.2 50 true
-1761.621146769915 1270.722773032667 -146.0351008210073 335.1670813128501 0.98 0.83 0.2 50 true
2145.739324131927 41.18431357372971 549.8058553026019 -1405.831497963933 0.98 0.83 0.2 50 true
-558.748881189072 -1881.268036701257 -237.5638106146775 -1012.067351747847 0.98 0.83 0.2 50 true
1251.936341275962 -1387.094841491209 -482.0909476215721 764.7238298370662 0.98 0.83 0.2 50 true
-2359.821477342402 -539.8049241707176 -24.59162409071688 -44.70417004747958 0.98 0.83 0.2 50 true
922.344998361831 -890.0504670561993 -834.8907670123156 174.8590720882549 0.98 0.83 0.2 50 true
-2207.482451503225 -550.4308543685923 183.6013128399794 -128.1012662175023 0.98 0.83 0.2 50 true
-1249.651164608502 -299.0079452187223 87.670709629773 679.0485027295789 0.98 0.83 0.2 50 true
-2316.603491696677 -1764.101706280448 -283.8101155254244 -16.73939903026979 0.98 0.83 0.2 50 true
-597.0971926733595 778.0454173568301 474.4163940733784 793.9722206230615 0.98 0.83 0.2 50 true
2044.510559236804 -1495.974318978366 -287.7559154501093 -249.946345167839 0.98 0.83 0.2 50 true
-1467.110661186292 -960.9073884336927 -449.1165071246535 148.8838828394989 0.98 0.83 0.2 50 true
-1273.647129346364 754.3235822627057 -142.6688127670272 733.5136866390267 0.98 0.83 0.2 50 true
-2276.476945598226 -424.3838448113397 342.8961171108615 -225.8926281742705 0.98 0.83 0.2 50 true
-386.6965215551994 100.0760479369432 -386.9702620142317 137.7902940323261 0.98 0.83 0.2 50 true
-1399.91629941364 186.7492591149518 777.7620351737552 -298.031167304394 0.98 0.83 0.2 50 true
-432.4391373325678 -609.1986000970064 63.28980068610551 -255.2067326078314 0.98 0.83 0.2 50 true
-5.001719298146542 665.0586233045898 -506.1360986180266 463.7130197969593 0.98 0.83 0.2 50 true
-1897.876594689567 -805.955895426414 121.5245242911083 160.5828608490399 0.98 0.83 0.2 50 true
2224.827461400374 -455.4730216524124 -199.5449675748995 64.36637877743783 0.98 0.83 0.2 50 true
-933.9555484712026 993.2637404093015 92.83132477526681 -498.6402386742741 0.98 0.83 0.2 50 true
936.5666016036173 997.3155452536192 384.0071165169711 127.7921205840965 0.98 0.83 0.2 50 true
886.5054306710342 -245.0039943543023 545.9721641079952 228.9047816260885 0.98 0.83 0.2 50 true
-1547.04023764581 -1107.184114448368 63.57120851741115 -79.82887738108678 0.98 0.83 0.2 50 true
-1506.076493914311 -385.9363832115025 -1100.840067516426 497.4800997577377 0.98 0.83 0.2 70 true
1439.459214385665 1309.905397819738 786.8570231988429 163.9380138435491 0.98 0.83 0.2 70 true
1923.773272011081 636.0904648821841 -266.5625968606394 -521.8387407540266 0.98 0.83 0.2 50 true
-2181.163991188736 1873.26590790162 -358.5149792729529 574.6682272621014 0.98 0.83 0.2 50 true
-1852.727834960037 233.7134437727691 -259.844544148076 -637.1469447661816 0.98 0.83 0.2 50 true
2192.872401587083 -1079.61483950282 -1304.935741333535 -378.8306990820799 0.98 0.83 0.2 50 true
2406.016419079258 -868.9155700995193 -970.2791818164884 -258.2847448966687 0.98 0.83 0.2 50 true
2374.606797670145 1936.881760534756 -369.6858008728789 -617.7369037510413 0.98 0.83 0.2 50 true
-334.5336848570192 883.5723711698706 -215.5219920634577 627.6745949827309 0.98 0.83 0.2 50 true
-1430.871055884488 1139.286087415171 108.3501800510855 660.9320200164225 0.98 0.83 0.2 50 true